image: first_3d.pgm
resolution: 0.020000
origin: [-8.786302, -6.034945, 0.000000]
negate: 0
occupied_thresh: 0.65
free_thresh: 0.196

