image: second.pgm
resolution: 0.020000
origin: [-8.850254, -6.202510, 0.000000]
negate: 0
occupied_thresh: 0.65
free_thresh: 0.196

