image: second_3d.pgm
resolution: 0.020000
origin: [-9.405752, -5.182811, 0.000000]
negate: 0
occupied_thresh: 0.65
free_thresh: 0.196

